1.000000000000000000e+00 -1.000000000000000000e+00 1.000000000000000000e+00 -1.000000000000000000e+00 1.000000000000000000e+00 -1.000000000000000000e+00 1.000000000000000000e+00 -1.000000000000000000e+00 1.000000000000000000e+00 -1.000000000000000000e+00
1.000000000000000000e+00 -1.000000000000000000e+00 1.000000000000000000e+00 -1.000000000000000000e+00 1.000000000000000000e+00 -1.000000000000000000e+00 1.000000000000000000e+00 -1.000000000000000000e+00 1.000000000000000000e+00 -1.000000000000000000e+00
1.000000000000000000e+00 -1.000000000000000000e+00 1.000000000000000000e+00 -1.000000000000000000e+00 1.000000000000000000e+00 -1.000000000000000000e+00 1.000000000000000000e+00 -1.000000000000000000e+00 1.000000000000000000e+00 -1.000000000000000000e+00
1.000000000000000000e+00 -1.000000000000000000e+00 1.000000000000000000e+00 -1.000000000000000000e+00 1.000000000000000000e+00 -1.000000000000000000e+00 1.000000000000000000e+00 -1.000000000000000000e+00 1.000000000000000000e+00 -9.917355371900826722e-01
1.000000000000000000e+00 -1.000000000000000000e+00 1.000000000000000000e+00 -1.000000000000000000e+00 1.000000000000000000e+00 -1.000000000000000000e+00 1.000000000000000000e+00 -1.000000000000000000e+00 1.000000000000000000e+00 -9.793388429752065694e-01
1.000000000000000000e+00 -1.000000000000000000e+00 1.000000000000000000e+00 -1.000000000000000000e+00 1.000000000000000000e+00 -9.958677685950413361e-01 1.000000000000000000e+00 -4.545454545454545303e-01 3.099173553719008489e-01 -1.446280991735537091e-01
1.000000000000000000e+00 -1.000000000000000000e+00 1.000000000000000000e+00 -1.000000000000000000e+00 1.000000000000000000e+00 -1.000000000000000000e+00 1.000000000000000000e+00 -1.000000000000000000e+00 1.000000000000000000e+00 -1.000000000000000000e+00
1.000000000000000000e+00 -1.000000000000000000e+00 1.000000000000000000e+00 -1.000000000000000000e+00 1.000000000000000000e+00 -1.000000000000000000e+00 1.000000000000000000e+00 -1.000000000000000000e+00 1.000000000000000000e+00 -8.471074380165288797e-01
1.000000000000000000e+00 -1.000000000000000000e+00 1.000000000000000000e+00 -1.000000000000000000e+00 1.000000000000000000e+00 -1.000000000000000000e+00 1.000000000000000000e+00 -1.000000000000000000e+00 9.462809917355371470e-01 -9.710743801652892415e-01
1.000000000000000000e+00 -1.000000000000000000e+00 1.000000000000000000e+00 -1.000000000000000000e+00 1.000000000000000000e+00 -1.000000000000000000e+00 1.000000000000000000e+00 -9.958677685950413361e-01 9.462809917355371470e-01 -9.545454545454545858e-01
